1 0.8921809323667458
2 0.8749797800888008
3 0.8524662443369067
4 0.8222447876140533
5 0.7806299541738309
6 0.7221392638419721
7 0.6396668413867737
8 0.5279558060811358
9 0.3944334526564268
10 0.26850736752080034
11 0.17910203994164448
12 0.12605866207925534
13 0.09526285982571345
14 0.07632931607932106
15 0.0638369130843276
16 0.05506244324204004
17 0.048576163861522526
18 0.04358081273716154
19 0.039605299772080445
20 0.03635658655445692
21 0.03364407602628918
22 0.031338924365806084
23 0.029351069200593313
24 0.027615694328038377
25 0.026084947203680015
26 0.024722697828580196
27 0.023501121634321352
28 0.02239841120017928
29 0.02139720658773379
30 0.020483494955082587
31 0.019645823786247525
32 0.018874728161317335
33 0.018162306944027297
34 0.017501904421279975
35 0.01688786783754403
36 0.016315360375795986
37 0.01578021521105969
38 0.015278820382003327
39 0.014808027063578071
40 0.014365075806826135
41 0.013947536716944474
42 0.013553260548755374
43 0.013180338430696955
44 0.012827068465906534
45 0.012491927857790092
46 0.01217354950636371
47 0.011870702247759494
48 0.011582274081853191
49 0.011307257865774743
50 0.011044739054078524
