0.9838089618362091
0.9834982786199262
0.98317566187004
0.9828404193774716
0.9824918048828276
0.9821290127409205
0.9817511719453232
0.9813573394222075
0.9809464924877773
0.9805175203459142
0.980069214481511
0.9796002577797616
0.9791092121713866
0.9785945045673377
0.9780544108025029
0.9774870372545201
0.9768902997387896
0.9762618992012391
0.9755992936327631
0.9748996655087483
0.9741598839078047
0.9733764602778121
0.972545496584569
0.9716626242852835
0.9707229321982551
0.9697208808679665
0.9686502004200759
0.9675037681213401
0.9662734608479928
0.9649499763443545
0.9635226154134593
0.9619790148732738
0.9603048180252127
0.958483265218339
0.956494681427427
0.9543158299820961
0.9519190907929954
0.9492714063023654
0.9463329169805277
0.9430551775508804
0.9393788007794968
0.9352303107522844
0.9305178914816474
0.9251255729581266
0.9189051797446177
0.9116650372441997
0.9031539278398893
0.8930380271134178
0.8808674217228301
0.8660272352375818
